Timestamp: 2015-11-7 16:44:55
A: 0.9
ChangeLanduse: true
Imitationf: 0.3
Imitationl: 0.2
InitFarmerLocal: false
InitLandLocValue: false
InitLanduse: true
Innovation: 0.01
InterestCountry: 100218
Q1: 0.0
Q2: 0.5
Q3: 0.9
Q4: 0.7
Rationalra: 0.0
T1: 1.0
T2: 0.5
T3: 0.3
T4: 0.7


"tick","Radio2","Radio3","Radio4","W"
1.0,5213.399999999993,2922.000000000002,7966.2,60.41005173633596
2.0,5005.199999999997,2781.6000000000017,9184.800000000003,60.41005173633596
3.0,5116.799999999999,2541.000000000002,12039.000000000018,60.41005173633596
4.0,5516.400000000001,2455.8000000000015,13911.000000000033,60.41005173633596
5.0,6028.800000000003,2274.6,16516.800000000032,60.41005173633596
6.0,6606.600000000001,2150.400000000001,19716.600000000064,60.41005173633596
7.0,6606.600000000001,2150.400000000001,19716.600000000064,60.41005173633596
8.0,7344.000000000003,2076.000000000001,23484.600000000017,60.41005173633596
9.0,9456.000000000004,1953.6000000000004,32632.79999999999,60.41005173633596
10.0,10462.200000000004,1846.2000000000003,38675.999999999935,60.41005173633596
11.0,10462.200000000004,1846.2000000000003,38675.999999999935,60.41005173633596
12.0,13081.199999999997,1663.8000000000009,53937.6,60.41005173633596
13.0,13081.199999999997,1663.8000000000009,53937.6,60.41005173633596
14.0,14397.000000000005,1597.2000000000007,62913.600000000035,60.41005173633596
